
layer0
[ 68.  84.  93.  88.  99. 106. 119. 110. 113. 121. 108. 121. 136. 123.
 115. 131. 129. 119. 110. 121.]
layer1
[ 50.  90. 102. 100. 118. 128. 152. 160. 152. 207. 177. 218. 258. 195.
 218. 241. 227. 228. 219. 233.]
layer2
[ 37.  86. 102.  98. 124. 132. 163. 173. 167. 302. 229. 279. 333. 230.
 266. 299. 279. 271. 288. 315.]
layer3
[ 24.  75. 100.  96. 127. 134. 168. 184. 171. 332. 250. 311. 369. 257.
 292. 339. 305. 317. 321. 360.]
layer4
[ 17.  66.  94.  90. 122. 134. 165. 182. 178. 348. 261. 326. 383. 283.
 314. 369. 330. 334. 333. 381.]
layer5
[ 14.  55.  87.  83. 117. 128. 161. 181. 167. 343. 255. 328. 398. 276.
 314. 369. 350. 349. 332. 387.]
layer6
[ 11.  46.  80.  75. 111. 120. 155. 176. 162. 334. 251. 321. 397. 267.
 323. 351. 334. 352. 315. 372.]
layer7
[ 10.  36.  72.  61. 100. 112. 143. 167. 149. 308. 225. 299. 377. 252.
 296. 325. 306. 332. 298. 336.]
layer8
[  9.  26.  51.  46.  80.  91. 125. 146. 125. 277. 200. 279. 344. 231.
 274. 302. 288. 295. 254. 312.]
layer9
[  9.  21.  38.  35.  60.  77. 103. 121. 103. 246. 173. 248. 307. 197.
 245. 254. 254. 262. 217. 275.]
layer10
[  7.  17.  26.  25.  41.  52.  73.  92.  73. 194. 133. 196. 247. 154.
 199. 206. 204. 215. 188. 216.]
layer11
[  5.  11.  13.  12.  21.  30.  40.  61.  42. 135.  86. 133. 172. 107.
 149. 144. 151. 158. 135. 163.]