
layer0
[ 30.  48.  69.  64.  81.  84.  89.  88.  88. 100.  91.  98. 106.  96.
  95. 104. 101.  98.  97. 103.]
layer1
[ 29.  59.  93.  83. 116. 122. 131. 133. 128. 167. 145. 160. 176. 150.
 160. 170. 166. 163. 164. 171.]
layer2
[ 25.  63. 104.  90. 136. 140. 152. 155. 147. 206. 172. 198. 219. 179.
 197. 207. 206. 202. 203. 214.]
layer3
[ 21.  65. 109.  92. 147. 148. 163. 167. 156. 227. 189. 218. 246. 195.
 219. 227. 228. 231. 226. 240.]
layer4
[ 16.  63. 108.  91. 148. 152. 165. 175. 163. 238. 200. 229. 258. 206.
 232. 240. 240. 243. 238. 252.]
layer5
[ 13.  56. 101.  89. 145. 151. 168. 180. 165. 243. 208. 237. 266. 211.
 240. 253. 248. 249. 243. 257.]
layer6
[ 10.  50.  95.  82. 140. 147. 170. 181. 163. 245. 212. 236. 268. 213.
 247. 253. 249. 253. 242. 257.]
layer7
[  9.  41.  86.  74. 127. 139. 163. 176. 156. 238. 206. 228. 264. 211.
 240. 244. 239. 246. 236. 246.]
layer8
[  7.  34.  69.  62. 111. 124. 151. 163. 145. 223. 197. 218. 252. 203.
 227. 237. 230. 234. 221. 235.]
layer9
[  5.  26.  57.  52.  91. 110. 135. 148. 130. 205. 181. 203. 232. 184.
 211. 217. 214. 215. 201. 214.]
layer10
[  4.  17.  38.  35.  66.  83. 106. 121. 100. 171. 150. 168. 197. 152.
 178. 183. 179. 179. 173. 175.]
layer11
[  2.   7.  15.  13.  26.  36.  48.  61.  45.  95.  77.  93. 114.  82.
 104. 102. 103. 105.  98. 102.]