
layer0
[ 3.  7.  9.  9. 10. 12. 16. 13. 14. 13. 11. 14. 17. 15. 13. 17. 16. 14.
 11. 14.]
layer1
[ 2.  7.  9. 10. 11. 12. 16. 16. 15. 20. 17. 21. 25. 19. 21. 24. 22. 22.
 20. 22.]
layer2
[ 2.  6.  8.  8. 10. 11. 14. 15. 14. 25. 19. 22. 27. 18. 20. 23. 21. 20.
 22. 24.]
layer3
[ 2.  5.  7.  7.  9. 10. 13. 14. 12. 24. 18. 22. 26. 18. 19. 24. 20. 21.
 22. 25.]
layer4
[ 2.  4.  6.  6.  8.  9. 12. 12. 12. 23. 17. 21. 25. 19. 20. 25. 21. 22.
 22. 26.]
layer5
[ 1.  3.  5.  5.  7.  8. 11. 11. 10. 22. 15. 21. 26. 17. 19. 24. 22. 22.
 21. 26.]
layer6
[ 1.  3.  5.  5.  7.  7.  9. 10. 10. 21. 15. 20. 25. 16. 19. 22. 20. 22.
 19. 25.]
layer7
[ 1.  2.  4.  4.  6.  7.  8.  9.  9. 18. 12. 18. 24. 14. 17. 20. 18. 21.
 18. 22.]
layer8
[ 1.  2.  3.  3.  5.  6.  7.  8.  7. 16. 11. 17. 21. 13. 16. 18. 17. 18.
 15. 20.]
layer9
[ 1.  2.  3.  3.  4.  5.  6.  7.  6. 14.  9. 14. 19. 11. 14. 15. 15. 16.
 12. 18.]
layer10
[ 1.  2.  2.  2.  3.  4.  5.  5.  5. 11.  7. 11. 15.  9. 11. 12. 12. 14.
 11. 15.]
layer11
[ 1.  1.  2.  2.  2.  3.  3.  4.  3.  8.  5.  8. 11.  6.  9.  8.  9. 11.
  8. 12.]