
layer0
[1. 2. 2. 2. 2. 3. 5. 3. 4. 3. 2. 3. 5. 4. 3. 5. 4. 3. 2. 3.]
layer1
[1. 2. 2. 3. 2. 3. 4. 4. 4. 4. 4. 6. 7. 5. 6. 6. 6. 6. 5. 5.]
layer2
[1. 2. 2. 2. 2. 2. 3. 3. 3. 6. 5. 5. 7. 4. 5. 6. 5. 5. 5. 6.]
layer3
[1. 1. 1. 1. 1. 2. 2. 3. 3. 6. 4. 5. 6. 4. 4. 6. 4. 4. 5. 6.]
layer4
[1. 1. 1. 1. 1. 1. 2. 2. 2. 5. 4. 5. 5. 4. 4. 6. 4. 4. 4. 6.]
layer5
[1. 1. 1. 1. 1. 1. 2. 2. 2. 4. 3. 4. 5. 3. 3. 5. 4. 4. 4. 6.]
layer6
[1. 1. 1. 1. 1. 1. 1. 2. 2. 4. 2. 4. 5. 3. 3. 4. 4. 4. 3. 5.]
layer7
[1. 1. 1. 1. 1. 1. 1. 1. 1. 3. 2. 3. 4. 2. 3. 3. 3. 4. 3. 4.]
layer8
[1. 1. 1. 1. 1. 1. 1. 1. 1. 3. 1. 3. 4. 2. 2. 3. 3. 3. 2. 4.]
layer9
[1. 1. 1. 1. 1. 1. 1. 1. 1. 2. 1. 2. 3. 2. 2. 2. 2. 3. 2. 3.]
layer10
[1. 1. 1. 1. 1. 1. 1. 1. 1. 2. 1. 2. 3. 1. 2. 2. 2. 2. 2. 3.]
layer11
[1. 1. 1. 1. 1. 1. 1. 1. 1. 2. 1. 2. 2. 1. 2. 2. 2. 2. 1. 3.]