
layer0
[34. 84. 78. 79. 83. 86. 86. 89. 89. 89. 89. 87. 89. 88. 88. 87. 89. 86.
 89. 88.]
layer1
[ 37. 106.  86. 103. 111. 130. 130. 135. 156. 157. 152. 155. 164. 158.
 154. 156. 149. 160. 163. 161.]
layer2
[ 46. 117. 105. 108. 137. 151. 158. 176. 181. 212. 203. 203. 210. 202.
 228. 198. 216. 215. 237. 205.]
layer3
[ 45.  97. 114. 121. 164. 181. 183. 204. 213. 244. 224. 238. 252. 231.
 258. 246. 262. 251. 302. 264.]
layer4
[ 55. 123. 122. 122. 158. 172. 183. 227. 253. 247. 262. 235. 292. 257.
 305. 279. 328. 306. 337. 290.]
layer5
[ 51.  73.  98. 109. 174. 167. 183. 203. 260. 236. 278. 234. 332. 287.
 315. 302. 352. 327. 310. 306.]
layer6
[ 46. 120. 106. 108. 174. 179. 173. 230. 261. 267. 272. 239. 318. 272.
 328. 288. 378. 337. 368. 341.]
layer7
[ 40. 103. 110. 127. 171. 188. 187. 228. 287. 255. 279. 236. 313. 273.
 329. 281. 401. 320. 401. 305.]
layer8
[ 36. 100. 114. 108. 149. 164. 197. 220. 264. 255. 269. 251. 316. 288.
 314. 299. 366. 311. 341. 326.]
layer9
[ 42. 114. 115. 122. 153. 151. 188. 178. 256. 253. 285. 272. 352. 283.
 329. 272. 346. 358. 371. 325.]
layer10
[ 33.  94.  99. 100. 139. 154. 180. 167. 212. 253. 259. 261. 324. 273.
 313. 243. 316. 364. 358. 326.]
layer11
[ 23.  76.  90.  94. 140. 148. 167. 195. 196. 239. 228. 240. 303. 260.
 311. 216. 295. 329. 294. 329.]