
layer0
[16. 44. 41. 44. 53. 57. 58. 59. 62. 62. 62. 60. 64. 62. 62. 60. 64. 61.
 63. 61.]
layer1
[ 21.  69.  57.  73.  89.  98.  98. 108. 118. 119. 120. 119. 124. 118.
 127. 119. 129. 128. 131. 124.]
layer2
[ 28.  75.  73.  82. 110. 118. 118. 135. 143. 150. 152. 149. 160. 150.
 168. 153. 168. 165. 172. 160.]
layer3
[ 28.  65.  79.  80. 116. 120. 123. 148. 155. 160. 164. 162. 173. 158.
 180. 169. 183. 182. 194. 184.]
layer4
[ 32.  82.  76.  81. 117. 119. 126. 149. 166. 160. 171. 160. 187. 168.
 192. 184. 207. 202. 210. 194.]
layer5
[ 29.  62.  73.  80. 119. 117. 122. 146. 166. 160. 175. 154. 197. 180.
 201. 191. 220. 212. 219. 207.]
layer6
[ 25.  77.  77.  79. 118. 126. 120. 149. 170. 172. 184. 161. 205. 176.
 204. 191. 231. 220. 231. 214.]
layer7
[ 22.  73.  75.  82. 114. 121. 121. 148. 172. 161. 180. 158. 197. 177.
 206. 191. 231. 212. 237. 208.]
layer8
[ 19.  68.  73.  74. 108. 111. 127. 146. 162. 163. 171. 170. 192. 184.
 200. 186. 228. 206. 224. 216.]
layer9
[ 22.  75.  76.  79. 109. 113. 124. 128. 159. 156. 183. 166. 203. 176.
 201. 180. 223. 214. 227. 202.]
layer10
[ 17.  62.  67.  70. 104. 110. 118. 127. 140. 160. 171. 161. 195. 175.
 195. 163. 206. 218. 220. 205.]
layer11
[ 13.  52.  65.  67. 100. 107. 113. 127. 135. 154. 157. 158. 188. 167.
 189. 153. 198. 208. 202. 202.]