
layer0
[ 2. 10.  7.  6.  7.  9.  9.  9. 10. 10. 10.  9. 10.  9.  9.  8.  9.  8.
  9.  9.]
layer1
[ 2. 13.  9. 13. 12. 16. 16. 15. 19. 19. 17. 19. 19. 19. 17. 19. 15. 18.
 18. 18.]
layer2
[ 3. 13. 11. 11. 13. 14. 16. 16. 16. 20. 18. 18. 18. 18. 20. 17. 18. 18.
 20. 17.]
layer3
[ 3. 10. 12. 13. 16. 17. 17. 18. 18. 21. 18. 20. 21. 19. 20. 20. 21. 19.
 25. 21.]
layer4
[ 4. 13. 14. 13. 14. 15. 16. 19. 21. 20. 21. 18. 23. 20. 24. 21. 26. 23.
 26. 21.]
layer5
[ 4.  6. 10. 10. 15. 14. 15. 16. 21. 18. 21. 18. 27. 22. 24. 23. 27. 24.
 21. 22.]
layer6
[ 4. 13. 10. 10. 15. 15. 14. 18. 20. 21. 20. 17. 23. 20. 25. 21. 29. 24.
 27. 25.]
layer7
[ 4. 10. 11. 13. 15. 16. 15. 18. 24. 20. 21. 17. 24. 20. 26. 20. 34. 23.
 32. 21.]
layer8
[ 3.  9. 12. 10. 12. 13. 16. 17. 21. 20. 20. 18. 25. 22. 24. 23. 29. 23.
 25. 24.]
layer9
[ 4. 11. 12. 12. 13. 12. 16. 14. 21. 20. 22. 21. 30. 22. 27. 20. 27. 29.
 30. 25.]
layer10
[ 3.  9. 10.  9. 11. 12. 15. 12. 17. 20. 20. 21. 27. 21. 25. 18. 24. 30.
 28. 26.]
layer11
[ 2.  7.  8.  8. 12. 12. 13. 15. 15. 18. 16. 18. 24. 20. 25. 15. 22. 26.
 21. 27.]