
layer0
[1. 3. 2. 2. 2. 2. 2. 2. 2. 2. 2. 2. 2. 2. 2. 2. 2. 2. 2. 2.]
layer1
[1. 4. 3. 4. 3. 5. 5. 4. 5. 6. 5. 5. 6. 6. 4. 5. 3. 5. 4. 5.]
layer2
[1. 5. 3. 3. 3. 4. 4. 4. 4. 5. 5. 5. 4. 5. 5. 4. 4. 4. 5. 4.]
layer3
[1. 3. 4. 5. 5. 5. 6. 5. 5. 6. 4. 6. 5. 5. 5. 5. 5. 4. 7. 5.]
layer4
[2. 4. 5. 5. 4. 4. 5. 6. 6. 6. 6. 5. 6. 6. 7. 6. 7. 6. 7. 5.]
layer5
[1. 1. 3. 3. 5. 4. 5. 4. 6. 5. 6. 5. 8. 6. 6. 6. 7. 6. 4. 5.]
layer6
[2. 5. 3. 3. 5. 4. 4. 6. 6. 6. 5. 5. 6. 6. 7. 5. 8. 6. 7. 7.]
layer7
[ 1.  3.  4.  4.  5.  5.  5.  5.  7.  6.  6.  5.  6.  5.  7.  5. 10.  5.
  9.  5.]
layer8
[1. 3. 4. 3. 3. 4. 5. 5. 6. 6. 6. 5. 7. 6. 6. 6. 7. 5. 6. 6.]
layer9
[2. 4. 4. 4. 4. 3. 5. 3. 6. 6. 6. 6. 9. 6. 7. 5. 6. 8. 8. 7.]
layer10
[1. 3. 3. 3. 3. 3. 4. 3. 5. 6. 5. 6. 8. 6. 7. 5. 6. 8. 7. 7.]
layer11
[1. 2. 2. 2. 3. 3. 4. 4. 4. 5. 4. 5. 7. 5. 7. 3. 5. 6. 5. 7.]